0.05185032,0.15276444,0.9600593,1.0,0.0,0.0
0.94558823,0.49716842,-1.0,0.0,0.0,1.0
0.27595973,0.0026108623,-1.0,0.0,1.0,0.0
0.33920783,0.038625598,-1.0,0.0,1.0,0.0
0.7917577,0.7962902,0.26543963,0.0,0.0,1.0
0.5774003,0.18673915,-1.0,0.0,1.0,0.0
0.7049052,0.9034944,-1.0,0.0,0.0,1.0
0.3124612,0.3802004,0.16581261,1.0,0.0,0.0
0.5820112,0.8977989,-1.0,0.0,0.0,1.0
0.7761211,0.15396136,-1.0,0.0,1.0,0.0
0.683509,0.397193,-1.0,0.0,1.0,0.0
0.16298544,0.27657455,-1.0,0.0,1.0,0.0
0.5517207,0.9733193,-1.0,0.0,0.0,1.0
0.4209506,0.025401533,0.76851237,0.0,1.0,0.0
0.16850203,0.6725279,-1.0,0.0,0.0,1.0
0.4425326,0.43396413,0.12640357,0.0,0.0,1.0
0.09767777,0.8941129,0.48310477,1.0,0.0,0.0
0.784301,0.6111168,0.22487462,0.0,0.0,1.0
0.34854984,0.3126347,0.48623395,1.0,0.0,0.0
0.18737322,0.70987093,-1.0,0.0,0.0,1.0
0.28807133,0.36682028,-1.0,0.0,1.0,0.0
0.36230755,0.33385873,-1.0,0.0,1.0,0.0
0.84943223,0.5666116,-1.0,0.0,0.0,1.0
0.7152792,0.5172105,-1.0,0.0,0.0,1.0
0.9640389,0.2014125,0.14227778,0.0,1.0,0.0
0.04225713,0.749516,-1.0,0.0,0.0,1.0
0.29434353,0.7130464,-1.0,0.0,0.0,1.0
0.8758036,0.5548633,0.50274223,0.0,0.0,1.0
0.5032375,0.07324976,-1.0,0.0,1.0,0.0
0.024799347,0.38320827,0.0028598905,1.0,0.0,0.0
0.40921348,0.007897913,0.7337391,0.0,1.0,0.0
0.96450895,0.88243407,0.97554684,0.0,0.0,1.0
0.20086646,0.53224844,-1.0,0.0,0.0,1.0
0.7058519,0.44913906,0.4246357,0.0,0.0,1.0
0.71983176,0.7922739,-1.0,0.0,0.0,1.0
0.9690163,0.083013356,-1.0,0.0,1.0,0.0
0.92410725,0.2631448,-1.0,0.0,1.0,0.0
0.024682343,0.1776889,-1.0,0.0,1.0,0.0
0.6495149,0.45004225,-1.0,0.0,0.0,1.0
0.849292,0.7349863,0.5518175,0.0,0.0,1.0
0.05222124,0.5575205,-1.0,0.0,0.0,1.0
0.30148894,0.6732309,-1.0,0.0,0.0,1.0
0.7112373,0.96779937,0.80355537,0.0,0.0,1.0
0.8406934,0.13578206,-1.0,0.0,1.0,0.0
0.84357595,0.22447717,0.65239894,0.0,1.0,0.0
0.02548474,0.54971445,0.3618281,1.0,0.0,0.0
0.95045733,0.68019,0.71448094,0.0,0.0,1.0
0.118182,0.9025286,-1.0,0.0,0.0,1.0
0.21673864,0.33588815,0.44169164,1.0,0.0,0.0
0.63686585,0.17215699,0.79668725,0.0,1.0,0.0
0.92053586,0.7974367,0.55731153,0.0,0.0,1.0
0.39982933,0.7135414,0.9674556,1.0,0.0,0.0
0.5983312,0.33417284,0.7062243,0.0,1.0,0.0
0.2813065,0.38776153,-1.0,0.0,0.0,1.0
0.9710382,0.9025101,-1.0,0.0,0.0,1.0
0.6873641,0.54972637,0.13465965,0.0,0.0,1.0
0.4944958,0.82875836,0.25042695,0.0,0.0,1.0
0.91928995,0.90705293,0.90411955,0.0,0.0,1.0
0.48421323,0.8703899,0.8778336,0.0,0.0,1.0
0.3287329,0.33946294,-1.0,0.0,0.0,1.0
0.21498287,0.7900522,0.7772223,0.0,0.0,1.0
0.38636374,0.7606301,-1.0,0.0,0.0,1.0
0.8040459,0.41301823,0.8944278,0.0,0.0,1.0
0.111861885,0.4655745,0.2616347,1.0,0.0,0.0
0.6837952,0.37371558,0.97592133,0.0,0.0,1.0
0.49383062,0.29630625,-1.0,0.0,1.0,0.0
0.5957537,0.13632745,-1.0,0.0,1.0,0.0
0.29053277,0.05867368,-1.0,0.0,1.0,0.0
0.18269336,0.22371829,0.28327805,1.0,0.0,0.0
0.27356678,0.19803059,0.92507726,0.0,1.0,0.0
0.51274943,0.966948,-1.0,0.0,0.0,1.0
0.609661,0.849385,0.13082224,0.0,0.0,1.0
0.41184342,0.18172461,-1.0,0.0,1.0,0.0
0.25354934,0.8091973,-1.0,0.0,0.0,1.0
0.55040896,0.17215669,0.91910326,0.0,1.0,0.0
0.5443989,0.16018176,-1.0,0.0,1.0,0.0
0.25575304,0.38221192,0.17980379,1.0,0.0,0.0
0.866064,0.4511336,-1.0,0.0,0.0,1.0
0.6678942,0.44988734,-1.0,0.0,0.0,1.0
0.20399272,0.4082905,0.3766957,1.0,0.0,0.0
0.09181464,0.105844855,-1.0,0.0,1.0,0.0
0.8724932,0.3944384,-1.0,0.0,1.0,0.0
0.8895111,0.82373697,-1.0,0.0,0.0,1.0
0.53226113,0.58679694,0.44750595,0.0,0.0,1.0
0.973478,0.5823384,0.58428806,0.0,0.0,1.0
0.81694525,0.21825767,-1.0,0.0,1.0,0.0
0.13860637,0.9502048,-1.0,0.0,0.0,1.0
0.7113445,0.19294572,-1.0,0.0,1.0,0.0
0.70449215,0.6948535,-1.0,0.0,0.0,1.0
0.45202208,0.08327955,-1.0,0.0,1.0,0.0
0.027532518,0.638054,0.724518,1.0,0.0,0.0
0.92651796,0.568401,0.17978448,0.0,0.0,1.0
0.74637425,0.16459292,-1.0,0.0,1.0,0.0
0.51888597,0.030626118,-1.0,0.0,1.0,0.0
0.6233637,0.80181,0.62543046,0.0,0.0,1.0
0.19340706,0.6760532,0.81832606,1.0,0.0,0.0
0.85082674,0.41860735,-1.0,0.0,0.0,1.0
0.21634859,0.40627354,0.70810276,1.0,0.0,0.0
0.8445435,0.63384503,-1.0,0.0,0.0,1.0
0.74563277,0.98481774,-1.0,0.0,0.0,1.0
0.9162943,0.81039166,-1.0,0.0,0.0,1.0
0.25117552,0.40245515,0.34296948,1.0,0.0,0.0
0.8538877,0.7472023,-1.0,0.0,0.0,1.0
0.30879825,0.69470316,-1.0,0.0,0.0,1.0
0.7671335,0.25521314,-1.0,0.0,1.0,0.0
0.7876863,0.078240216,-1.0,0.0,1.0,0.0
0.63977236,0.3745535,0.64714897,0.0,1.0,0.0
0.91342634,0.1994772,0.2940125,0.0,1.0,0.0
0.9445501,0.6250223,0.5023295,0.0,0.0,1.0
0.51117057,0.6630378,0.10255885,0.0,0.0,1.0
0.053418994,0.3580739,-1.0,0.0,0.0,1.0
0.019483984,0.48265922,0.032242477,1.0,0.0,0.0
0.7839846,0.7619948,0.57103264,0.0,0.0,1.0
0.6203241,0.7400224,-1.0,0.0,0.0,1.0
0.51412517,0.074105024,0.24452513,0.0,1.0,0.0
0.66952586,0.71407586,0.95163995,0.0,0.0,1.0
0.26124156,0.15387589,-1.0,0.0,1.0,0.0
0.43849897,0.010037124,-1.0,0.0,1.0,0.0
0.38923198,0.20713496,0.3302307,0.0,1.0,0.0
0.56391025,0.8994055,0.21884805,0.0,0.0,1.0
0.50958735,0.9125491,0.06771964,0.0,0.0,1.0
0.7896905,0.46565324,-1.0,0.0,0.0,1.0
0.36336678,0.025663018,-1.0,0.0,1.0,0.0
0.10224676,0.38981766,-1.0,0.0,0.0,1.0
0.70809007,0.91175693,0.18525708,0.0,0.0,1.0
0.37720907,0.41108292,-1.0,0.0,0.0,1.0
0.40459996,0.9082925,-1.0,0.0,0.0,1.0
0.18540496,0.84380645,-1.0,0.0,0.0,1.0
0.9693346,0.7259774,0.20317596,0.0,0.0,1.0
0.5243106,0.27301747,0.11222011,0.0,1.0,0.0
0.29839265,0.4007665,0.33940697,1.0,0.0,0.0
0.3440855,0.7802804,-1.0,0.0,0.0,1.0
0.3480307,0.32225567,-1.0,0.0,0.0,1.0
0.7651448,0.6475693,0.81254613,0.0,0.0,1.0
0.9169934,0.80736786,0.02962631,0.0,0.0,1.0
0.31639773,0.0826602,-1.0,0.0,1.0,0.0
0.71519744,0.14645123,0.34853673,0.0,1.0,0.0
0.5011631,0.32075,0.9611976,0.0,1.0,0.0
0.06634736,0.655492,-1.0,0.0,0.0,1.0
0.122999966,0.74201596,-1.0,0.0,0.0,1.0
0.6967335,0.8802898,0.7959249,0.0,0.0,1.0
0.40527153,0.84427994,-1.0,0.0,0.0,1.0
0.28687763,0.23734778,0.63493705,0.0,1.0,0.0
0.68012667,0.79356074,0.1548202,0.0,0.0,1.0
0.5255191,0.0964334,0.9137977,0.0,1.0,0.0
0.6844883,0.73911303,0.3527444,0.0,0.0,1.0
0.45688528,0.6253198,0.056788146,0.0,0.0,1.0
0.9591119,0.98208815,-1.0,0.0,0.0,1.0
0.95681083,0.7580452,0.8960473,0.0,0.0,1.0
0.44727612,0.86417496,-1.0,0.0,0.0,1.0
0.8132629,0.11081672,0.2512617,0.0,1.0,0.0
0.5664332,0.70032525,-1.0,0.0,0.0,1.0
0.12233782,0.43666238,0.90783215,1.0,0.0,0.0
0.32580185,0.67868096,-1.0,0.0,0.0,1.0
0.69120735,0.99997836,0.3883865,0.0,0.0,1.0
0.9695801,0.46331364,0.47408074,0.0,0.0,1.0
0.9987735,0.7092273,0.11414522,0.0,0.0,1.0
0.40293384,0.20380867,0.7964619,0.0,1.0,0.0
0.10021716,0.75419766,0.9333928,1.0,0.0,0.0
0.53680295,0.9138879,0.08850199,0.0,0.0,1.0
0.113541126,0.055636823,0.87957984,0.0,1.0,0.0
0.7006485,0.026771069,0.84217286,0.0,1.0,0.0
0.6792704,0.03173703,0.03858483,0.0,1.0,0.0
0.66992044,0.87101704,0.35781384,0.0,0.0,1.0
0.8359004,0.39327323,0.43715203,0.0,0.0,1.0
0.22952127,0.05617565,0.50187117,0.0,1.0,0.0
0.73632246,0.36183476,-1.0,0.0,1.0,0.0
0.40992862,0.006120324,-1.0,0.0,1.0,0.0
0.9644308,0.10884911,0.9366274,0.0,1.0,0.0
0.30400366,0.10968119,0.59222895,0.0,1.0,0.0
0.51868665,0.66666794,0.40345383,0.0,0.0,1.0
0.3817972,0.43561143,-1.0,0.0,0.0,1.0
0.86430264,0.85902774,0.6889227,0.0,0.0,1.0
0.93519557,0.93204933,0.28520775,0.0,0.0,1.0
0.87161875,0.9687595,0.40228784,0.0,0.0,1.0
0.1639843,0.13490492,-1.0,0.0,1.0,0.0
0.8915789,0.19390619,0.15096408,0.0,1.0,0.0
0.9388322,0.83064735,-1.0,0.0,0.0,1.0
0.65261793,0.97216356,0.25249743,0.0,0.0,1.0
0.58979183,0.6758696,0.050431848,0.0,0.0,1.0
0.7079088,0.82734,-1.0,0.0,0.0,1.0
0.36425126,0.14347702,0.94499564,0.0,1.0,0.0
0.16676366,0.047862887,0.08505887,0.0,1.0,0.0
0.3772815,0.45004648,0.6666423,1.0,0.0,0.0
0.11018354,0.5754936,0.82230854,1.0,0.0,0.0
0.275298,0.08210182,0.9287697,0.0,1.0,0.0
0.55926037,0.45341957,0.5666928,0.0,0.0,1.0
0.66348857,0.90309113,0.29895306,0.0,0.0,1.0
0.4601494,0.31569058,0.1762132,0.0,1.0,0.0
0.1439091,0.0053791404,0.034961224,0.0,1.0,0.0
0.777544,0.042805612,0.40222752,0.0,1.0,0.0
0.42493457,0.032554448,0.38285118,0.0,1.0,0.0
0.9215539,0.7647273,-1.0,0.0,0.0,1.0
0.28963578,0.73591864,0.7275929,1.0,0.0,0.0
0.6764507,0.8314558,0.24578327,0.0,0.0,1.0
0.596898,0.79931074,0.79318076,0.0,0.0,1.0
0.7059277,0.04225403,0.4420972,0.0,1.0,0.0
0.011981308,0.7185828,0.9680574,1.0,0.0,0.0
0.47850913,0.7991236,0.4326945,0.0,0.0,1.0
0.8701425,0.7252091,0.7099007,0.0,0.0,1.0
0.32252407,0.4028492,0.23590106,1.0,0.0,0.0
0.07395524,0.22803211,0.026754618,1.0,0.0,0.0
0.7774774,0.55862147,0.15762287,0.0,0.0,1.0
0.43686336,0.8168682,-1.0,0.0,0.0,1.0
0.59595567,0.9426533,0.6290171,0.0,0.0,1.0
0.54292417,0.60635084,0.76387703,0.0,0.0,1.0
0.25230104,0.33998692,0.5639673,1.0,0.0,0.0
0.70652586,0.89335066,-1.0,0.0,0.0,1.0
0.60255575,0.22571695,0.14878833,0.0,1.0,0.0
0.16149521,0.665531,0.6776315,1.0,0.0,0.0
0.11856192,0.875659,1.462102E-4,1.0,0.0,0.0
0.7349206,0.4975857,-1.0,0.0,0.0,1.0
0.8310479,0.34760588,-1.0,0.0,1.0,0.0
0.3996325,0.45458913,-1.0,0.0,0.0,1.0
0.67874455,0.35729754,0.08124375,0.0,1.0,0.0
0.30592215,0.57993174,0.28860676,1.0,0.0,0.0
0.881943,0.98339117,0.5680509,0.0,0.0,1.0
0.21989292,0.93709004,0.3013391,1.0,0.0,0.0
0.55354506,0.86111933,0.9903155,0.0,0.0,1.0
0.3251363,0.09296256,-1.0,0.0,1.0,0.0
0.7455701,0.9909352,0.38215953,0.0,0.0,1.0
0.27066457,0.16818672,0.7302221,0.0,1.0,0.0
0.45595908,0.37546605,0.005186081,0.0,0.0,1.0
0.6752963,0.7550833,0.7246521,0.0,0.0,1.0
0.32672232,0.03508061,0.73909396,0.0,1.0,0.0
0.049219012,0.043093145,0.86010104,0.0,1.0,0.0
0.7137128,0.89965487,0.3250392,0.0,0.0,1.0
0.43103558,0.17688358,-1.0,0.0,1.0,0.0
0.08605504,0.12575948,0.005235553,0.0,1.0,0.0
0.08349168,0.5976915,0.36104137,1.0,0.0,0.0
0.68110627,0.6820312,0.23516291,0.0,0.0,1.0
0.5089704,0.98095596,0.023923099,0.0,0.0,1.0
0.4043923,0.81436616,0.046262026,0.0,0.0,1.0
0.416669,0.20512158,-1.0,0.0,1.0,0.0
0.20662338,0.27281094,0.44265527,1.0,0.0,0.0
0.6490937,0.11357844,0.56497663,0.0,1.0,0.0
0.8427836,0.48846674,0.65552443,0.0,0.0,1.0
0.64848953,0.36865997,0.9010438,0.0,0.0,1.0
0.7589511,0.58679485,0.8104038,0.0,0.0,1.0
0.6479224,0.369578,0.6599948,0.0,0.0,1.0
0.31972188,0.7736341,0.28352672,1.0,0.0,0.0
0.41142535,0.25952268,0.85427994,0.0,1.0,0.0
0.63137406,0.82166994,0.6802518,0.0,0.0,1.0
0.10622203,0.995525,0.99909276,1.0,0.0,0.0
0.76390857,0.20418954,0.24698943,0.0,1.0,0.0
0.9144179,0.8172911,0.7886084,0.0,0.0,1.0
0.16978836,0.7728439,0.96687967,1.0,0.0,0.0
0.43851268,0.9717297,0.97289443,0.0,0.0,1.0
0.05929351,0.9733446,0.18678588,1.0,0.0,0.0
0.030279338,0.8946182,0.6175325,1.0,0.0,0.0
0.5207319,0.20337325,0.018676162,0.0,1.0,0.0
0.40400404,0.17683089,0.40162063,0.0,1.0,0.0
0.8583131,0.8085838,0.56022453,0.0,0.0,1.0
0.28277284,0.54977894,0.98970854,1.0,0.0,0.0
0.38542992,0.1874677,-1.0,0.0,1.0,0.0
0.8131886,0.7993533,0.77739054,0.0,0.0,1.0
0.51364994,0.78661513,0.25722694,0.0,0.0,1.0
0.098069906,0.67836213,0.6499032,1.0,0.0,0.0
0.7765947,0.81261593,0.8314097,0.0,0.0,1.0
0.1087057,0.10442513,0.39789128,0.0,1.0,0.0
0.9441846,0.4888428,0.8581708,0.0,0.0,1.0
0.019716382,0.5247213,0.15472019,1.0,0.0,0.0
0.4911335,0.29526436,0.55427164,0.0,1.0,0.0
0.5177336,0.36421573,0.6156184,0.0,0.0,1.0
0.20217943,0.13173181,0.027025044,0.0,1.0,0.0
0.07194102,0.048746526,0.66472584,0.0,1.0,0.0
0.47641283,0.18851477,0.9535136,0.0,1.0,0.0
0.8937187,0.11263603,0.097334564,0.0,1.0,0.0
0.08439487,0.6079805,0.71964043,1.0,0.0,0.0
0.20285219,0.0904395,0.028173566,0.0,1.0,0.0
0.55461055,0.47931528,0.55566305,0.0,0.0,1.0
0.3562461,0.4285819,0.4760021,1.0,0.0,0.0
0.069902,0.5724479,0.24490273,1.0,0.0,0.0
0.11480683,0.09501183,0.045440614,0.0,1.0,0.0
0.73987865,0.48784083,0.053606927,0.0,0.0,1.0
0.8251362,0.9136382,0.5888822,0.0,0.0,1.0
0.38190478,0.5755734,0.63248587,1.0,0.0,0.0
0.574905,0.9051949,0.22449195,0.0,0.0,1.0
0.06014824,0.774229,-1.0,0.0,0.0,1.0
0.07731438,0.11071473,0.5837316,0.0,1.0,0.0
0.2967118,0.076349735,0.8268858,0.0,1.0,0.0
0.17397153,0.93337744,0.57023495,1.0,0.0,0.0
0.97988546,0.7549942,0.79317373,0.0,0.0,1.0
0.8680935,0.14838433,0.22620541,0.0,1.0,0.0
0.42816317,0.082888365,0.32933366,0.0,1.0,0.0
0.641169,0.80996805,-1.0,0.0,0.0,1.0
0.18338805,0.65302527,0.65578294,1.0,0.0,0.0
0.6134804,0.7683431,0.34791654,0.0,0.0,1.0
0.20263577,0.42734677,0.6308611,1.0,0.0,0.0
0.90918535,0.564638,-1.0,0.0,0.0,1.0
0.091891706,0.72609663,-1.0,0.0,1.0,0.0
0.34409368,0.2031151,-1.0,0.0,1.0,0.0
0.68299365,0.4391557,0.6558146,0.0,0.0,1.0
0.47443515,0.3141243,-1.0,0.0,1.0,0.0
0.28082216,0.3600521,0.5738793,1.0,0.0,0.0
0.34096497,0.5195867,0.62021023,1.0,0.0,0.0
0.11639899,0.11465204,-1.0,0.0,1.0,0.0
0.7459455,0.5791333,0.1353941,0.0,0.0,1.0
0.6419614,0.48066783,0.2638241,0.0,0.0,1.0
0.3691442,0.4745047,0.32571703,1.0,0.0,0.0
0.8585541,0.4219256,-1.0,0.0,0.0,1.0
0.97638816,0.46674472,0.005170524,0.0,1.0,0.0
0.86062044,0.8640908,0.004615426,0.0,0.0,1.0
0.4747594,0.3945499,0.51880133,0.0,0.0,1.0
0.16254711,0.9839313,0.1807251,1.0,0.0,0.0
0.5378245,0.06926972,0.56967795,0.0,1.0,0.0
0.9991991,0.9185592,0.08236146,0.0,0.0,1.0
0.30196518,0.18825418,0.49732965,0.0,1.0,0.0
0.4001866,0.7382495,0.21088529,1.0,0.0,0.0
0.8662822,0.049413264,-1.0,0.0,1.0,0.0
0.5992419,0.38897157,0.8568818,0.0,0.0,1.0
0.99261594,0.7809536,0.7562032,0.0,0.0,1.0
0.87423927,0.7765649,0.9796415,0.0,0.0,1.0
0.535799,0.43714285,0.09072977,0.0,0.0,1.0
0.26441693,0.5270254,0.64098704,1.0,0.0,0.0
0.6344851,0.4164102,0.52313024,0.0,0.0,1.0
0.71972686,0.867353,-1.0,0.0,0.0,1.0
0.9973854,0.12196785,0.1386128,0.0,1.0,0.0
0.932907,0.46866667,0.94319236,0.0,0.0,1.0
0.13154453,0.2997948,0.8443402,1.0,0.0,0.0
0.57935905,0.2680391,0.06679386,0.0,1.0,0.0
0.25274098,0.49863344,0.5324852,1.0,0.0,0.0
0.9175924,0.22452086,0.8803972,0.0,1.0,0.0
0.7354873,0.11295867,0.77843344,0.0,1.0,0.0
0.34799892,0.17318922,-1.0,0.0,1.0,0.0
0.52044946,0.1783886,0.11796188,0.0,1.0,0.0
0.16175938,0.7815152,0.1900186,1.0,0.0,0.0
0.400351,0.21741796,0.87068146,0.0,1.0,0.0
0.48093468,0.49964595,0.58350223,0.0,0.0,1.0
0.48510677,0.26280516,0.3317749,0.0,1.0,0.0
0.31581795,0.6377084,-1.0,0.0,0.0,1.0
0.4656974,0.51990885,0.06986445,0.0,0.0,1.0
0.5890546,0.57271606,0.36274177,0.0,0.0,1.0
0.21439058,0.11409974,0.06868023,0.0,1.0,0.0
0.15825498,0.48321366,0.29624707,1.0,0.0,0.0
0.9241926,0.69611186,0.5348769,0.0,0.0,1.0
0.532262,0.18840891,0.44581765,0.0,1.0,0.0
0.3716613,0.49484295,0.22387534,1.0,0.0,0.0
0.24809843,0.7238959,0.13133574,1.0,0.0,0.0
0.48511052,0.19510752,0.12127006,0.0,1.0,0.0
0.20428622,0.80986035,0.8277595,1.0,0.0,0.0
0.4886338,0.64373285,0.42667705,0.0,0.0,1.0
0.27714145,0.9786371,0.6744773,1.0,0.0,0.0
0.5634927,0.96264225,0.6664823,0.0,0.0,1.0
0.8101623,0.29951715,0.7636009,0.0,1.0,0.0
0.73857147,0.66160727,0.6010475,0.0,0.0,1.0
0.63010615,0.7998327,0.8888696,0.0,0.0,1.0
0.55069965,0.83260906,0.75696975,0.0,0.0,1.0
0.088076115,0.7487334,0.9924991,1.0,0.0,0.0
0.12599576,0.40325564,0.611282,1.0,0.0,0.0
0.24991679,0.9436986,0.63422626,1.0,0.0,0.0
0.7249879,0.7284609,0.6820188,0.0,0.0,1.0
0.7674416,0.019713819,0.42496115,0.0,1.0,0.0
0.46711773,0.5075984,0.03836161,0.0,0.0,1.0
0.15049541,0.5871718,0.51687527,1.0,0.0,0.0
0.9043353,0.12860084,0.033616304,0.0,1.0,0.0
0.12957823,0.69694227,0.92241657,1.0,0.0,0.0
0.34884626,0.060983658,0.38556653,0.0,1.0,0.0
0.5497355,0.7296866,0.6466569,0.0,0.0,1.0
0.3766709,0.8465304,0.08128232,0.0,0.0,1.0
0.76864517,0.3113764,0.36054206,0.0,1.0,0.0
0.7265293,0.56938255,0.9672557,0.0,0.0,1.0
0.84531,0.26810813,0.6170271,0.0,1.0,0.0
0.8926665,0.4265378,0.30077273,0.0,1.0,0.0
0.90048754,0.95068926,0.4177454,0.0,0.0,1.0
0.07058406,0.16526532,0.98471904,1.0,0.0,0.0
0.9059703,0.48310262,0.27477294,0.0,0.0,1.0
0.75624496,0.70570683,0.6855583,0.0,0.0,1.0
0.81705165,0.61884004,0.7802138,0.0,0.0,1.0
0.2221725,0.22493851,0.5430089,1.0,0.0,0.0
0.4009921,0.9252284,0.09574604,0.0,0.0,1.0
0.297962,0.3430276,0.71998507,1.0,0.0,0.0
0.33402574,0.9582544,0.70493364,1.0,0.0,0.0
0.36807925,0.82212466,0.61265695,1.0,0.0,0.0
0.14042431,0.9390264,0.23302007,1.0,0.0,0.0
0.2664184,0.36639076,0.14302361,1.0,0.0,0.0
0.32936144,0.19789588,0.13208795,0.0,1.0,0.0
0.79494613,0.6935664,0.19018185,0.0,0.0,1.0
0.6487978,0.31339246,0.55387914,0.0,1.0,0.0
0.92285734,0.038246572,0.88151264,0.0,1.0,0.0
0.7203333,0.44050974,0.78823686,0.0,0.0,1.0
0.3330223,0.64243525,0.16129577,1.0,0.0,0.0
0.4449494,0.7965131,0.23204279,0.0,0.0,1.0
0.8741049,0.5907089,0.7818039,0.0,0.0,1.0
0.4767918,0.65232056,0.97168875,0.0,0.0,1.0
0.64958364,0.5553273,0.6207138,0.0,0.0,1.0
0.7506184,0.4636451,0.71153426,0.0,0.0,1.0
0.92900854,0.6308875,0.018713772,0.0,0.0,1.0
0.51826704,0.96846426,0.9614672,0.0,0.0,1.0
0.8021793,0.45862585,0.6524743,0.0,0.0,1.0
0.6004708,0.17602086,0.108597815,0.0,1.0,0.0
0.5135304,0.26722735,0.3106882,0.0,1.0,0.0
0.592578,0.17743695,0.24128038,0.0,1.0,0.0
0.7118613,0.29001403,0.8246756,0.0,1.0,0.0
0.5762083,0.6191602,0.3680718,0.0,0.0,1.0
0.42965186,0.2576384,0.32008803,0.0,1.0,0.0
0.48360503,0.49784034,0.9798992,0.0,0.0,1.0
0.4665529,0.3109166,0.9025355,0.0,0.0,1.0
0.63741803,0.6588704,0.74062365,0.0,0.0,1.0
0.99324554,0.73019576,0.867499,0.0,0.0,1.0
0.14588088,0.010706365,0.4593506,0.0,1.0,0.0
0.61471283,0.33565372,0.5336794,0.0,1.0,0.0
0.7718191,0.003215313,0.3972525,0.0,1.0,0.0
0.8360701,0.27719212,0.8389749,0.0,1.0,0.0
0.6136569,0.3606814,0.39233148,0.0,0.0,1.0
0.8594505,0.20308721,0.90956444,0.0,1.0,0.0
0.4375623,0.40873516,0.24746656,0.0,0.0,1.0
0.9070456,0.4733233,0.9151187,0.0,0.0,1.0
0.78210056,0.5893517,0.32025075,0.0,0.0,1.0
0.81325006,0.1665408,0.65694416,0.0,1.0,0.0
0.02023971,0.91919786,0.27754098,1.0,0.0,0.0
0.45796454,0.11878824,0.5009083,0.0,1.0,0.0
0.40828067,0.21399099,0.5333045,0.0,1.0,0.0
0.7234577,0.12777567,0.46328187,0.0,1.0,0.0
0.77725947,0.8751634,0.97526234,0.0,0.0,1.0
0.048795223,0.7580853,0.48517305,1.0,0.0,0.0
0.9295963,0.915012,0.20399171,0.0,0.0,1.0
0.32869,0.890802,0.19001746,1.0,0.0,0.0
0.992243,0.68264246,0.65756637,0.0,0.0,1.0
0.8577337,0.275285,0.70862776,0.0,1.0,0.0
0.947306,0.44540262,0.67547524,0.0,0.0,1.0
0.2563185,0.8613089,0.47759444,1.0,0.0,0.0
0.3121001,0.5791307,0.76747495,1.0,0.0,0.0
0.8311605,0.6165615,0.26936966,0.0,0.0,1.0
0.47281295,0.62542826,0.09619647,0.0,0.0,1.0
0.6211878,0.86749226,0.096153855,0.0,0.0,1.0
0.48943865,0.88529944,0.45673865,0.0,0.0,1.0
0.45865828,0.94076335,0.044745386,0.0,0.0,1.0
0.2843634,0.5358815,0.8421474,1.0,0.0,0.0
0.73572195,0.028064013,0.54580075,0.0,1.0,0.0
0.0029651523,0.48062462,0.02059102,1.0,0.0,0.0
0.20824689,0.74880534,0.058493614,1.0,0.0,0.0
0.9918132,0.27316052,0.41820866,0.0,1.0,0.0
0.8432217,0.6603493,-1.0,0.0,0.0,1.0
0.0010211468,0.28092355,-1.0,1.0,0.0,0.0
0.27007413,0.27853203,-1.0,0.0,1.0,0.0
0.81451255,0.65711987,0.8794571,0.0,0.0,1.0
0.0229944,0.9343615,-1.0,1.0,0.0,0.0
0.4282599,0.024970472,-1.0,0.0,1.0,0.0
0.029059172,0.40308917,-1.0,1.0,0.0,0.0
0.2673576,0.45012426,0.6021432,1.0,0.0,0.0
0.94563156,0.068216205,-1.0,0.0,1.0,0.0
0.72932917,0.7120139,0.108314514,0.0,0.0,1.0
0.10127866,0.11698955,0.26496136,0.0,1.0,0.0
0.6879589,0.41844344,-1.0,0.0,0.0,1.0
0.013920844,0.55998707,0.5917217,1.0,0.0,0.0
0.671889,0.50388134,-1.0,0.0,0.0,1.0
0.09085381,0.6263748,-1.0,0.0,0.0,1.0
0.98278636,0.868924,-1.0,0.0,0.0,1.0
0.3333723,0.6206138,-1.0,0.0,0.0,1.0
0.28642923,0.5673791,-1.0,0.0,0.0,1.0
0.94440806,0.1841284,-1.0,0.0,1.0,0.0
0.9331235,0.28553146,-1.0,0.0,1.0,0.0
0.7078687,0.47011018,0.03160101,0.0,0.0,1.0
0.5111976,0.4956572,0.8867917,0.0,0.0,1.0
0.368303,0.35683793,0.5849522,1.0,0.0,0.0
0.5591388,0.9906567,-1.0,0.0,0.0,1.0
0.5064228,0.57146215,0.9595255,0.0,0.0,1.0
0.6999161,0.8027208,-1.0,0.0,0.0,1.0
0.62899333,0.5480072,-1.0,0.0,0.0,1.0
0.6464672,0.82775146,0.5279674,0.0,0.0,1.0
0.94276875,0.83449584,-1.0,0.0,0.0,1.0
0.41950333,0.26907825,-1.0,0.0,1.0,0.0
0.96334106,0.17347926,-1.0,0.0,1.0,0.0
0.07628322,0.4473973,0.23531276,1.0,0.0,0.0
0.79693824,0.09462446,-1.0,0.0,1.0,0.0
0.72964746,0.28677207,-1.0,0.0,1.0,0.0
0.53766465,0.16671145,0.10237187,0.0,1.0,0.0
0.692136,0.788919,-1.0,0.0,0.0,1.0
0.76547325,0.30589473,0.6206381,0.0,1.0,0.0
0.61797184,0.5249229,0.98763967,0.0,0.0,1.0
0.53234535,0.93429106,-1.0,0.0,0.0,1.0
0.67771167,0.061046004,-1.0,0.0,1.0,0.0
0.26338863,0.5087756,-1.0,0.0,0.0,1.0
0.05107248,0.91821814,-1.0,1.0,0.0,0.0
0.93952614,0.2880171,0.73194534,0.0,1.0,0.0
0.8235585,0.6886646,-1.0,0.0,0.0,1.0
0.012154579,0.15400076,-1.0,0.0,1.0,0.0
0.44935876,0.0046857,0.3816272,0.0,1.0,0.0
0.7151133,0.6323813,0.34541875,0.0,0.0,1.0
0.39070714,0.27799326,-1.0,0.0,1.0,0.0
0.30580682,0.20963794,-1.0,0.0,1.0,0.0
0.2944219,0.23739618,-1.0,0.0,1.0,0.0
0.9930963,0.73703146,-1.0,0.0,0.0,1.0
0.77143204,0.19228601,-1.0,0.0,1.0,0.0
0.556143,0.61402285,0.6882785,0.0,0.0,1.0
0.7579335,0.9963781,0.6420992,0.0,0.0,1.0
0.12324333,0.92060924,0.069599986,1.0,0.0,0.0
0.08357018,0.77050585,0.9388781,1.0,0.0,0.0
0.38611323,0.6147403,0.7730637,1.0,0.0,0.0
0.6401187,0.34347516,0.11076301,0.0,0.0,1.0
0.47624475,0.22904104,0.5299692,0.0,1.0,0.0
0.8922912,0.30034792,0.08875376,0.0,1.0,0.0
0.46970862,0.64574695,-1.0,0.0,0.0,1.0
0.7740475,0.3525905,-1.0,0.0,0.0,1.0
0.55051875,0.002779007,0.9721492,0.0,1.0,0.0
0.6433155,0.09568125,0.75522447,0.0,1.0,0.0
0.9169542,0.83898854,0.17973405,0.0,0.0,1.0
0.38741684,0.64261323,0.18471372,1.0,0.0,0.0
0.27892524,0.7180733,0.59270346,1.0,0.0,0.0
0.22652411,0.9197698,0.5996992,1.0,0.0,0.0
0.22996902,0.228374,0.31295842,1.0,0.0,0.0
0.76826775,0.15212578,0.48521966,0.0,1.0,0.0
0.40110177,0.8596908,-1.0,0.0,0.0,1.0